2 0.6658653846153846 0.5384615384615384 0.014423076923076924 0.015625
2 0.7391826923076923 0.7548076923076923 0.025240384615384616 0.026442307692307692
0 0.3269230769230769 0.9855769230769231 0.03365384615384615 0.021634615384615384
0 0.019230769230769232 0.026442307692307692 0.014423076923076924 0.026442307692307692
0 0.042067307692307696 0.013221153846153846 0.03125 0.026442307692307692
0 0.0733173076923077 0.015625 0.03125 0.03125
0 0.2091346153846154 0.018028846153846152 0.06490384615384616 0.036057692307692304
3 0.040865384615384616 0.9627403846153846 0.028846153846153848 0.025240384615384616
3 0.21033653846153846 0.8461538461538461 0.037259615384615384 0.038461538461538464
3 0.23076923076923078 0.6742788461538461 0.03365384615384615 0.036057692307692304
3 0.2824519230769231 0.6959134615384616 0.03245192307692308 0.03365384615384615
3 0.3641826923076923 0.7415865384615384 0.03245192307692308 0.036057692307692304
3 0.5144230769230769 0.7932692307692307 0.026442307692307692 0.028846153846153848
3 0.4855769230769231 0.9098557692307693 0.03365384615384615 0.03125
3 0.7175480769230769 0.734375 0.02403846153846154 0.030048076923076924
3 0.3641826923076923 0.6141826923076923 0.027644230769230768 0.03365384615384615
3 0.5528846153846154 0.7403846153846154 0.038461538461538464 0.03365384615384615
3 0.7908653846153846 0.8485576923076923 0.03125 0.026442307692307692
3 0.9675480769230769 0.4891826923076923 0.037259615384615384 0.036057692307692304
3 0.8245192307692307 0.5144230769230769 0.03245192307692308 0.03245192307692308
3 0.6995192307692307 0.5877403846153846 0.036057692307692304 0.03485576923076923
3 0.4375 0.5673076923076923 0.03125 0.051682692307692304
3 0.5961538461538461 0.43990384615384615 0.037259615384615384 0.040865384615384616
3 0.6838942307692307 0.43509615384615385 0.037259615384615384 0.03245192307692308
3 0.44711538461538464 0.5180288461538461 0.036057692307692304 0.055288461538461536
3 0.328125 0.5072115384615384 0.03245192307692308 0.036057692307692304
3 0.10817307692307693 0.5697115384615384 0.03245192307692308 0.026442307692307692
3 0.11658653846153846 0.484375 0.03365384615384615 0.028846153846153848
3 0.15865384615384615 0.46274038461538464 0.03125 0.03485576923076923
3 0.15504807692307693 0.484375 0.020432692307692308 0.015625
3 0.08533653846153846 0.39783653846153844 0.027644230769230768 0.025240384615384616
3 0.11298076923076923 0.38461538461538464 0.038461538461538464 0.03365384615384615
3 0.16466346153846154 0.40024038461538464 0.025240384615384616 0.026442307692307692
3 0.3161057692307692 0.40865384615384615 0.03125 0.038461538461538464
3 0.28365384615384615 0.3125 0.027644230769230768 0.030048076923076924
3 0.20072115384615385 0.31490384615384615 0.02403846153846154 0.02403846153846154
3 0.18028846153846154 0.27884615384615385 0.03485576923076923 0.03125
3 0.14302884615384615 0.19230769230769232 0.03125 0.028846153846153848
3 0.3269230769230769 0.18870192307692307 0.037259615384615384 0.038461538461538464
3 0.4110576923076923 0.1466346153846154 0.037259615384615384 0.03365384615384615
3 0.48197115384615385 0.15144230769230768 0.037259615384615384 0.04567307692307692
3 0.5144230769230769 0.28365384615384615 0.027644230769230768 0.028846153846153848
3 0.5120192307692307 0.3701923076923077 0.030048076923076924 0.027644230769230768
3 0.578125 0.31009615384615385 0.030048076923076924 0.030048076923076924
3 0.5865384615384616 0.25961538461538464 0.036057692307692304 0.030048076923076924
3 0.6418269230769231 0.21033653846153846 0.027644230769230768 0.026442307692307692
3 0.7271634615384616 0.18870192307692307 0.036057692307692304 0.039663461538461536
3 0.6682692307692307 0.29086538461538464 0.037259615384615384 0.036057692307692304
3 0.765625 0.33052884615384615 0.03245192307692308 0.028846153846153848
3 0.9290865384615384 0.32211538461538464 0.038461538461538464 0.036057692307692304
3 0.9230769230769231 0.296875 0.02283653846153846 0.020432692307692308
3 0.875 0.2283653846153846 0.036057692307692304 0.03485576923076923
3 0.8918269230769231 0.14903846153846154 0.039663461538461536 0.037259615384615384
3 0.9435096153846154 0.09134615384615384 0.03365384615384615 0.03125
3 0.6875 0.0889423076923077 0.025240384615384616 0.030048076923076924
3 0.6177884615384616 0.08173076923076923 0.040865384615384616 0.040865384615384616
3 0.6225961538461539 0.09254807692307693 0.018028846153846152 0.019230769230769232
3 0.09254807692307693 0.15144230769230768 0.026442307692307692 0.028846153846153848
3 0.0829326923076923 0.12259615384615384 0.030048076923076924 0.03125