3 0.22355769230769232 0.11538461538461539 0.026442307692307692 0.030048076923076924
3 0.14903846153846154 0.20072115384615385 0.036057692307692304 0.03245192307692308
3 0.3485576923076923 0.13942307692307693 0.036057692307692304 0.038461538461538464
3 0.6730769230769231 0.015625 0.030048076923076924 0.026442307692307692
3 0.71875 0.06129807692307692 0.03365384615384615 0.03485576923076923
3 0.7115384615384616 0.11658653846153846 0.038461538461538464 0.03365384615384615
3 0.8076923076923077 0.06850961538461539 0.030048076923076924 0.02403846153846154
3 0.9266826923076923 0.03485576923076923 0.027644230769230768 0.02283653846153846
3 0.9735576923076923 0.09254807692307693 0.026442307692307692 0.025240384615384616
3 0.8329326923076923 0.13942307692307693 0.025240384615384616 0.030048076923076924
3 0.7355769230769231 0.23798076923076922 0.037259615384615384 0.03245192307692308
3 0.90625 0.2932692307692308 0.027644230769230768 0.03245192307692308
3 0.9411057692307693 0.27884615384615385 0.040865384615384616 0.03485576923076923
3 0.96875 0.2860576923076923 0.025240384615384616 0.02283653846153846
3 0.7932692307692307 0.3449519230769231 0.04326923076923077 0.03365384615384615
3 0.7355769230769231 0.39903846153846156 0.03365384615384615 0.027644230769230768
3 0.8581730769230769 0.4675480769230769 0.03245192307692308 0.03365384615384615
3 0.6394230769230769 0.4026442307692308 0.030048076923076924 0.028846153846153848
3 0.578125 0.41586538461538464 0.026442307692307692 0.02283653846153846
3 0.41586538461538464 0.33774038461538464 0.028846153846153848 0.028846153846153848
3 0.265625 0.3016826923076923 0.02403846153846154 0.025240384615384616
3 0.25600961538461536 0.27524038461538464 0.036057692307692304 0.036057692307692304
3 0.1310096153846154 0.34615384615384615 0.027644230769230768 0.026442307692307692
3 0.10336538461538461 0.3401442307692308 0.036057692307692304 0.03245192307692308
3 0.19831730769230768 0.4050480769230769 0.037259615384615384 0.04326923076923077
3 0.2644230769230769 0.4050480769230769 0.026442307692307692 0.03125
3 0.21634615384615385 0.47115384615384615 0.036057692307692304 0.03245192307692308
3 0.234375 0.5084134615384616 0.03125 0.025240384615384616
3 0.41225961538461536 0.4831730769230769 0.028846153846153848 0.027644230769230768
3 0.4423076923076923 0.4723557692307692 0.03485576923076923 0.040865384615384616
3 0.42788461538461536 0.5072115384615384 0.026442307692307692 0.03245192307692308
3 0.6310096153846154 0.4675480769230769 0.03485576923076923 0.040865384615384616
3 0.7007211538461539 0.5132211538461539 0.040865384615384616 0.038461538461538464
3 0.7379807692307693 0.5024038461538461 0.030048076923076924 0.025240384615384616
3 0.037259615384615384 0.6947115384615384 0.03125 0.036057692307692304
3 0.027644230769230768 0.8497596153846154 0.03245192307692308 0.03245192307692308
3 0.020432692307692308 0.875 0.02403846153846154 0.028846153846153848
3 0.04447115384615385 0.8713942307692307 0.027644230769230768 0.028846153846153848
3 0.15985576923076922 0.8329326923076923 0.03485576923076923 0.03125
3 0.18509615384615385 0.8461538461538461 0.03485576923076923 0.03485576923076923
3 0.2403846153846154 0.8665865384615384 0.03125 0.03485576923076923
3 0.22235576923076922 0.7884615384615384 0.027644230769230768 0.027644230769230768
3 0.21153846153846154 0.7620192307692307 0.036057692307692304 0.03245192307692308
3 0.265625 0.6899038461538461 0.02283653846153846 0.02283653846153846
3 0.3737980769230769 0.8100961538461539 0.030048076923076924 0.03245192307692308
3 0.39663461538461536 0.8173076923076923 0.02403846153846154 0.02283653846153846
3 0.4387019230769231 0.7920673076923077 0.03125 0.026442307692307692
3 0.46033653846153844 0.8485576923076923 0.03245192307692308 0.028846153846153848
3 0.5096153846153846 0.9146634615384616 0.037259615384615384 0.03485576923076923
3 0.35697115384615385 0.9699519230769231 0.03245192307692308 0.028846153846153848
3 0.1141826923076923 0.9254807692307693 0.02403846153846154 0.026442307692307692
3 0.10817307692307693 0.9555288461538461 0.020432692307692308 0.02283653846153846
3 0.5661057692307693 0.8365384615384616 0.025240384615384616 0.02403846153846154
3 0.6862980769230769 0.828125 0.025240384615384616 0.027644230769230768
3 0.5985576923076923 0.8689903846153846 0.038461538461538464 0.03245192307692308
3 0.8233173076923077 0.9387019230769231 0.03485576923076923 0.03245192307692308
3 0.9411057692307693 0.6550480769230769 0.038461538461538464 0.036057692307692304
3 0.7139423076923077 0.7536057692307693 0.037259615384615384 0.03245192307692308
3 0.7439903846153846 0.7163461538461539 0.027644230769230768 0.025240384615384616
3 0.6394230769230769 0.7199519230769231 0.028846153846153848 0.026442307692307692
3 0.6574519230769231 0.7019230769230769 0.039663461538461536 0.03485576923076923
3 0.625 0.6370192307692307 0.037259615384615384 0.03245192307692308
3 0.7283653846153846 0.625 0.028846153846153848 0.03125
3 0.5793269230769231 0.5288461538461539 0.03485576923076923 0.025240384615384616
3 0.5985576923076923 0.5949519230769231 0.03125 0.03245192307692308
3 0.6286057692307693 0.5805288461538461 0.030048076923076924 0.02403846153846154
3 0.6538461538461539 0.5949519230769231 0.036057692307692304 0.028846153846153848
3 0.671875 0.5588942307692307 0.030048076923076924 0.028846153846153848
3 0.53125 0.9615384615384616 0.03125 0.03245192307692308
0 0.109375 0.9747596153846154 0.027644230769230768 0.018028846153846152
3 0.014423076923076924 0.6382211538461539 0.028846153846153848 0.03245192307692308
3 0.019230769230769232 0.5985576923076923 0.027644230769230768 0.025240384615384616
2 0.3581730769230769 0.27283653846153844 0.06370192307692307 0.052884615384615384
0 0.9939903846153846 0.13701923076923078 0.01201923076923077 0.028846153846153848
0 0.9879807692307693 0.203125 0.02403846153846154 0.026442307692307692
0 0.9855769230769231 0.17307692307692307 0.028846153846153848 0.028846153846153848
0 0.9879807692307693 0.3329326923076923 0.02403846153846154 0.03245192307692308
0 0.9903846153846154 0.43990384615384615 0.018028846153846152 0.030048076923076924
0 0.9891826923076923 0.49399038461538464 0.021634615384615384 0.03125