0 0.2439903846153846 0.06610576923076923 0.007211538461538462 0.015625
0 0.22716346153846154 0.08413461538461539 0.01201923076923077 0.016826923076923076
0 0.25721153846153844 0.15985576923076922 0.008413461538461538 0.018028846153846152
0 0.25600961538461536 0.5492788461538461 0.007211538461538462 0.016826923076923076
0 0.24759615384615385 0.5504807692307693 0.004807692307692308 0.015625
0 0.24639423076923078 0.8834134615384616 0.006009615384615385 0.014423076923076924
0 0.23677884615384615 0.8822115384615384 0.008413461538461538 0.018028846153846152
0 0.234375 0.9759615384615384 0.010817307692307692 0.018028846153846152
0 0.21394230769230768 0.9591346153846154 0.015625 0.016826923076923076
0 0.19471153846153846 0.9362980769230769 0.010817307692307692 0.013221153846153846
0 0.09375 0.3317307692307692 0.01201923076923077 0.015625
0 0.546875 0.21754807692307693 0.01201923076923077 0.006009615384615385
0 0.5456730769230769 0.22596153846153846 0.010817307692307692 0.007211538461538462
0 0.53125 0.21754807692307693 0.010817307692307692 0.007211538461538462
0 0.53125 0.22956730769230768 0.01201923076923077 0.013221153846153846
0 0.4723557692307692 0.21634615384615385 0.01201923076923077 0.008413461538461538
0 0.4723557692307692 0.2283653846153846 0.01201923076923077 0.008413461538461538
0 0.6430288461538461 0.06610576923076923 0.007211538461538462 0.015625
0 0.6502403846153846 0.0673076923076923 0.003605769230769231 0.015625
0 0.71875 0.20673076923076922 0.013221153846153846 0.019230769230769232
0 0.6899038461538461 0.21153846153846154 0.013221153846153846 0.009615384615384616
0 0.6310096153846154 0.5685096153846154 0.008413461538461538 0.016826923076923076
0 0.6346153846153846 0.7235576923076923 0.006009615384615385 0.014423076923076924
0 0.6430288461538461 0.7223557692307693 0.008413461538461538 0.015625
0 0.7752403846153846 0.7548076923076923 0.016826923076923076 0.018028846153846152
0 0.6466346153846154 0.8725961538461539 0.01201923076923077 0.018028846153846152
0 0.53125 0.7247596153846154 0.013221153846153846 0.01201923076923077
0 0.5865384615384616 0.7319711538461539 0.013221153846153846 0.008413461538461538
0 0.5865384615384616 0.7427884615384616 0.010817307692307692 0.009615384615384616
0 0.4170673076923077 0.9939903846153846 0.014423076923076924 0.01201923076923077
0 0.328125 0.9939903846153846 0.015625 0.010817307692307692
0 0.10576923076923077 0.7247596153846154 0.010817307692307692 0.015625
0 0.25721153846153844 0.6814903846153846 0.01201923076923077 0.018028846153846152
0 0.3269230769230769 0.2283653846153846 0.014423076923076924 0.018028846153846152
2 0.0985576923076923 0.5769230769230769 0.02403846153846154 0.018028846153846152
2 0.10336538461538461 0.5564903846153846 0.008413461538461538 0.013221153846153846
2 0.09615384615384616 0.5252403846153846 0.008413461538461538 0.008413461538461538
2 0.09975961538461539 0.5372596153846154 0.009615384615384616 0.009615384615384616
2 0.7764423076923077 0.6057692307692307 0.015625 0.021634615384615384
2 0.578125 0.12860576923076922 0.008413461538461538 0.016826923076923076
2 0.578125 0.056490384615384616 0.013221153846153846 0.015625
2 0.3473557692307692 0.12379807692307693 0.010817307692307692 0.015625
2 0.5132211538461539 0.29447115384615385 0.018028846153846152 0.015625
2 0.5216346153846154 0.14783653846153846 0.01201923076923077 0.013221153846153846
3 0.22596153846153846 0.1935096153846154 0.014423076923076924 0.016826923076923076
3 0.21033653846153846 0.15865384615384615 0.013221153846153846 0.016826923076923076
3 0.22115384615384615 0.125 0.013221153846153846 0.016826923076923076
3 0.2091346153846154 0.14182692307692307 0.013221153846153846 0.013221153846153846
3 0.28725961538461536 0.18629807692307693 0.014423076923076924 0.015625
3 0.3125 0.12860576923076922 0.014423076923076924 0.016826923076923076
3 0.35096153846153844 0.17908653846153846 0.013221153846153846 0.016826923076923076
3 0.35336538461538464 0.16346153846153846 0.009615384615384616 0.015625
3 0.36658653846153844 0.15264423076923078 0.010817307692307692 0.01201923076923077
3 0.36899038461538464 0.13822115384615385 0.01201923076923077 0.016826923076923076
3 0.36899038461538464 0.12379807692307693 0.010817307692307692 0.015625
3 0.34975961538461536 0.018028846153846152 0.014423076923076924 0.019230769230769232
3 0.3954326923076923 0.054086538461538464 0.013221153846153846 0.014423076923076924
3 0.40625 0.019230769230769232 0.015625 0.020432692307692308
3 0.46033653846153844 0.010817307692307692 0.01201923076923077 0.020432692307692308
3 0.5048076923076923 0.03365384615384615 0.013221153846153846 0.018028846153846152
3 0.46153846153846156 0.11538461538461539 0.010817307692307692 0.014423076923076924
3 0.44471153846153844 0.11778846153846154 0.01201923076923077 0.016826923076923076
3 0.42427884615384615 0.11538461538461539 0.013221153846153846 0.015625
3 0.4254807692307692 0.1814903846153846 0.020432692307692308 0.020432692307692308
3 0.3701923076923077 0.19110576923076922 0.009615384615384616 0.015625
3 0.484375 0.1346153846153846 0.014423076923076924 0.018028846153846152
3 0.3557692307692308 0.2403846153846154 0.014423076923076924 0.018028846153846152
3 0.2980769230769231 0.24519230769230768 0.014423076923076924 0.020432692307692308
3 0.2824519230769231 0.25 0.014423076923076924 0.019230769230769232
3 0.30288461538461536 0.29086538461538464 0.013221153846153846 0.016826923076923076
3 0.22115384615384615 0.25961538461538464 0.013221153846153846 0.013221153846153846
3 0.15625 0.2692307692307692 0.013221153846153846 0.016826923076923076
3 0.5048076923076923 0.07451923076923077 0.016826923076923076 0.018028846153846152
3 0.6129807692307693 0.09615384615384616 0.015625 0.018028846153846152
1 0.5877403846153846 0.09495192307692307 0.014423076923076924 0.013221153846153846
3 0.6009615384615384 0.1935096153846154 0.013221153846153846 0.016826923076923076
3 0.5576923076923077 0.20552884615384615 0.016826923076923076 0.019230769230769232
3 0.5048076923076923 0.1935096153846154 0.015625 0.019230769230769232
3 0.6790865384615384 0.11778846153846154 0.014423076923076924 0.021634615384615384
3 0.6790865384615384 0.09014423076923077 0.014423076923076924 0.016826923076923076
3 0.6862980769230769 0.07572115384615384 0.01201923076923077 0.020432692307692308
3 0.7055288461538461 0.07572115384615384 0.013221153846153846 0.016826923076923076
3 0.6766826923076923 0.03365384615384615 0.014423076923076924 0.016826923076923076
3 0.7055288461538461 0.15504807692307693 0.013221153846153846 0.018028846153846152
3 0.6646634615384616 0.20192307692307693 0.015625 0.018028846153846152
3 0.7463942307692307 0.13221153846153846 0.01201923076923077 0.016826923076923076
3 0.7548076923076923 0.11658653846153846 0.010817307692307692 0.015625
3 0.7584134615384616 0.10216346153846154 0.01201923076923077 0.016826923076923076
3 0.7596153846153846 0.1346153846153846 0.016826923076923076 0.028846153846153848
3 0.7836538461538461 0.1466346153846154 0.014423076923076924 0.018028846153846152
3 0.7740384615384616 0.15625 0.010817307692307692 0.01201923076923077
3 0.7764423076923077 0.1778846153846154 0.015625 0.018028846153846152
3 0.8305288461538461 0.18870192307692307 0.010817307692307692 0.015625
3 0.8413461538461539 0.24158653846153846 0.010817307692307692 0.013221153846153846
3 0.8509615384615384 0.2512019230769231 0.013221153846153846 0.018028846153846152
3 0.8221153846153846 0.27524038461538464 0.014423076923076924 0.020432692307692308
3 0.7632211538461539 0.23798076923076922 0.018028846153846152 0.02283653846153846
3 0.6622596153846154 0.2920673076923077 0.014423076923076924 0.019230769230769232
3 0.7211538461538461 0.328125 0.016826923076923076 0.021634615384615384
3 0.7596153846153846 0.36778846153846156 0.016826923076923076 0.018028846153846152
3 0.78125 0.40625 0.014423076923076924 0.01201923076923077
3 0.7223557692307693 0.390625 0.013221153846153846 0.019230769230769232
3 0.7127403846153846 0.39783653846153844 0.007211538461538462 0.008413461538461538
3 0.6478365384615384 0.4014423076923077 0.010817307692307692 0.018028846153846152
3 0.6971153846153846 0.46274038461538464 0.016826923076923076 0.016826923076923076
1 0.7043269230769231 0.43990384615384615 0.010817307692307692 0.015625
1 0.9014423076923077 0.4735576923076923 0.009615384615384616 0.016826923076923076
3 0.8401442307692307 0.41225961538461536 0.014423076923076924 0.016826923076923076
3 0.8533653846153846 0.3713942307692308 0.01201923076923077 0.016826923076923076
3 0.9134615384615384 0.390625 0.014423076923076924 0.014423076923076924
3 0.9014423076923077 0.4579326923076923 0.009615384615384616 0.014423076923076924
3 0.9182692307692307 0.4879807692307692 0.010817307692307692 0.016826923076923076
3 0.8497596153846154 0.5132211538461539 0.016826923076923076 0.018028846153846152
3 0.8197115384615384 0.5192307692307693 0.008413461538461538 0.009615384615384616
3 0.8076923076923077 0.5168269230769231 0.013221153846153846 0.018028846153846152
3 0.7752403846153846 0.515625 0.016826923076923076 0.019230769230769232
3 0.6911057692307693 0.5168269230769231 0.015625 0.019230769230769232
3 0.8353365384615384 0.33653846153846156 0.013221153846153846 0.015625
3 0.8882211538461539 0.4423076923076923 0.01201923076923077 0.014423076923076924
3 0.8774038461538461 0.45072115384615385 0.015625 0.019230769230769232
3 0.9086538461538461 0.5564903846153846 0.013221153846153846 0.019230769230769232
3 0.9002403846153846 0.5396634615384616 0.01201923076923077 0.01201923076923077
3 0.8846153846153846 0.5444711538461539 0.018028846153846152 0.016826923076923076
3 0.8737980769230769 0.5576923076923077 0.014423076923076924 0.019230769230769232
3 0.8052884615384616 0.5612980769230769 0.016826923076923076 0.018028846153846152
3 0.8052884615384616 0.5408653846153846 0.014423076923076924 0.021634615384615384
3 0.6862980769230769 0.5600961538461539 0.019230769230769232 0.016826923076923076
3 0.7043269230769231 0.5745192307692307 0.013221153846153846 0.014423076923076924
3 0.6634615384615384 0.6526442307692307 0.016826923076923076 0.019230769230769232
3 0.7367788461538461 0.671875 0.01201923076923077 0.015625
3 0.8004807692307693 0.6045673076923077 0.010817307692307692 0.016826923076923076
3 0.8161057692307693 0.6105769230769231 0.01201923076923077 0.018028846153846152
3 0.8233173076923077 0.6225961538461539 0.014423076923076924 0.019230769230769232
3 0.8329326923076923 0.609375 0.014423076923076924 0.018028846153846152
3 0.8918269230769231 0.640625 0.016826923076923076 0.016826923076923076
3 0.8701923076923077 0.6838942307692307 0.015625 0.025240384615384616
3 0.8305288461538461 0.6682692307692307 0.015625 0.020432692307692308
3 0.8870192307692307 0.7151442307692307 0.018028846153846152 0.019230769230769232
1 0.6730769230769231 0.59375 0.014423076923076924 0.019230769230769232
3 0.6586538461538461 0.7536057692307693 0.014423076923076924 0.019230769230769232
3 0.6778846153846154 0.8269230769230769 0.013221153846153846 0.021634615384615384
3 0.6923076923076923 0.8233173076923077 0.013221153846153846 0.014423076923076924
3 0.7512019230769231 0.7716346153846154 0.014423076923076924 0.019230769230769232
3 0.7800480769230769 0.7728365384615384 0.010817307692307692 0.014423076923076924
3 0.8088942307692307 0.8629807692307693 0.021634615384615384 0.021634615384615384
3 0.7704326923076923 0.9651442307692307 0.013221153846153846 0.018028846153846152
3 0.7379807692307693 0.9759615384615384 0.014423076923076924 0.018028846153846152
3 0.7283653846153846 0.9651442307692307 0.014423076923076924 0.019230769230769232
3 0.6814903846153846 0.9326923076923077 0.013221153846153846 0.019230769230769232
3 0.6850961538461539 0.8786057692307693 0.015625 0.018028846153846152
3 0.6262019230769231 0.7524038461538461 0.014423076923076924 0.016826923076923076
3 0.5564903846153846 0.7632211538461539 0.010817307692307692 0.02403846153846154
3 0.5745192307692307 0.8064903846153846 0.013221153846153846 0.02403846153846154
3 0.5625 0.8305288461538461 0.013221153846153846 0.013221153846153846
3 0.5456730769230769 0.8293269230769231 0.01201923076923077 0.016826923076923076
3 0.5384615384615384 0.8701923076923077 0.014423076923076924 0.020432692307692308
3 0.5360576923076923 0.9098557692307693 0.010817307692307692 0.016826923076923076
3 0.5516826923076923 0.9891826923076923 0.014423076923076924 0.019230769230769232
3 0.4987980769230769 0.8557692307692307 0.018028846153846152 0.02283653846153846
3 0.4879807692307692 0.8269230769230769 0.01201923076923077 0.020432692307692308
3 0.4579326923076923 0.7764423076923077 0.010817307692307692 0.015625
3 0.43028846153846156 0.8449519230769231 0.015625 0.021634615384615384
3 0.41586538461538464 0.8149038461538461 0.013221153846153846 0.018028846153846152
3 0.40384615384615385 0.8365384615384616 0.015625 0.019230769230769232
3 0.39903846153846156 0.8461538461538461 0.007211538461538462 0.009615384615384616
3 0.36538461538461536 0.8509615384615384 0.014423076923076924 0.018028846153846152
3 0.4254807692307692 0.9711538461538461 0.014423076923076924 0.016826923076923076
3 0.4182692307692308 0.9627403846153846 0.008413461538461538 0.01201923076923077
3 0.3942307692307692 0.9651442307692307 0.019230769230769232 0.019230769230769232
3 0.3137019230769231 0.9158653846153846 0.016826923076923076 0.02283653846153846
3 0.296875 0.9362980769230769 0.019230769230769232 0.009615384615384616
3 0.28125 0.9350961538461539 0.014423076923076924 0.020432692307692308
3 0.2704326923076923 0.9435096153846154 0.010817307692307692 0.015625
3 0.27884615384615385 0.9723557692307693 0.014423076923076924 0.019230769230769232
3 0.265625 0.9831730769230769 0.016826923076923076 0.019230769230769232
3 0.3088942307692308 0.8365384615384616 0.016826923076923076 0.018028846153846152
3 0.2860576923076923 0.8497596153846154 0.025240384615384616 0.025240384615384616
3 0.5108173076923077 0.7800480769230769 0.013221153846153846 0.020432692307692308
3 0.2620192307692308 0.8100961538461539 0.010817307692307692 0.019230769230769232
3 0.13942307692307693 0.7920673076923077 0.01201923076923077 0.016826923076923076
3 0.14783653846153846 0.7632211538461539 0.014423076923076924 0.015625
3 0.11658653846153846 0.7151442307692307 0.015625 0.020432692307692308
3 0.14302884615384615 0.6971153846153846 0.015625 0.019230769230769232
3 0.17307692307692307 0.7067307692307693 0.015625 0.019230769230769232
3 0.16826923076923078 0.6502403846153846 0.013221153846153846 0.016826923076923076
3 0.18269230769230768 0.6105769230769231 0.018028846153846152 0.020432692307692308
3 0.203125 0.5901442307692307 0.013221153846153846 0.019230769230769232
3 0.22956730769230768 0.6117788461538461 0.013221153846153846 0.014423076923076924
3 0.23557692307692307 0.5913461538461539 0.007211538461538462 0.01201923076923077
3 0.23677884615384615 0.5769230769230769 0.014423076923076924 0.020432692307692308
3 0.18028846153846154 0.5288461538461539 0.015625 0.018028846153846152
3 0.19230769230769232 0.5144230769230769 0.013221153846153846 0.018028846153846152
3 0.13822115384615385 0.5649038461538461 0.01201923076923077 0.014423076923076924
3 0.125 0.5456730769230769 0.01201923076923077 0.016826923076923076
3 0.12980769230769232 0.5048076923076923 0.015625 0.018028846153846152
3 0.25721153846153844 0.7512019230769231 0.010817307692307692 0.015625
3 0.23677884615384615 0.46875 0.014423076923076924 0.019230769230769232
3 0.21394230769230768 0.4651442307692308 0.015625 0.019230769230769232
3 0.20552884615384615 0.47475961538461536 0.010817307692307692 0.015625
3 0.20192307692307693 0.45913461538461536 0.010817307692307692 0.010817307692307692
3 0.17427884615384615 0.44711538461538464 0.015625 0.021634615384615384
3 0.13701923076923078 0.43028846153846156 0.01201923076923077 0.015625
3 0.1310096153846154 0.4675480769230769 0.01201923076923077 0.019230769230769232
3 0.17427884615384615 0.41346153846153844 0.013221153846153846 0.016826923076923076
3 0.18870192307692307 0.41466346153846156 0.015625 0.016826923076923076
3 0.203125 0.4074519230769231 0.015625 0.019230769230769232
3 0.21033653846153846 0.421875 0.01201923076923077 0.016826923076923076
3 0.21995192307692307 0.38221153846153844 0.014423076923076924 0.016826923076923076
3 0.23557692307692307 0.30649038461538464 0.013221153846153846 0.016826923076923076
3 0.22956730769230768 0.30528846153846156 0.008413461538461538 0.013221153846153846
3 0.10697115384615384 0.31490384615384615 0.010817307692307692 0.018028846153846152
3 0.11298076923076923 0.29447115384615385 0.01201923076923077 0.020432692307692308
3 0.6262019230769231 0.234375 0.010817307692307692 0.013221153846153846
3 0.6201923076923077 0.24759615384615385 0.01201923076923077 0.013221153846153846
3 0.6322115384615384 0.2644230769230769 0.009615384615384616 0.014423076923076924
3 0.6009615384615384 0.24278846153846154 0.014423076923076924 0.016826923076923076
3 0.5240384615384616 0.265625 0.010817307692307692 0.014423076923076924
3 0.5048076923076923 0.24759615384615385 0.013221153846153846 0.016826923076923076
3 0.5961538461538461 0.2800480769230769 0.01201923076923077 0.015625
3 0.5769230769230769 0.29086538461538464 0.010817307692307692 0.013221153846153846
3 0.5685096153846154 0.3016826923076923 0.013221153846153846 0.016826923076923076
3 0.4423076923076923 0.3293269230769231 0.013221153846153846 0.018028846153846152
3 0.4266826923076923 0.3173076923076923 0.015625 0.020432692307692308
3 0.4266826923076923 0.2980769230769231 0.015625 0.019230769230769232
3 0.3713942307692308 0.3173076923076923 0.013221153846153846 0.016826923076923076
3 0.3581730769230769 0.328125 0.014423076923076924 0.016826923076923076
3 0.35697115384615385 0.3762019230769231 0.010817307692307692 0.014423076923076924
3 0.27884615384615385 0.36778846153846156 0.015625 0.020432692307692308
3 0.3329326923076923 0.40384615384615385 0.01201923076923077 0.016826923076923076
3 0.33653846153846156 0.42788461538461536 0.01201923076923077 0.014423076923076924
3 0.33533653846153844 0.45913461538461536 0.014423076923076924 0.019230769230769232
3 0.265625 0.4723557692307692 0.013221153846153846 0.016826923076923076
3 0.2932692307692308 0.5072115384615384 0.013221153846153846 0.018028846153846152
3 0.3954326923076923 0.43509615384615385 0.014423076923076924 0.018028846153846152
3 0.41346153846153844 0.43990384615384615 0.013221153846153846 0.019230769230769232
3 0.41346153846153844 0.4254807692307692 0.007211538461538462 0.009615384615384616
3 0.421875 0.3942307692307692 0.01201923076923077 0.015625
3 0.46274038461538464 0.39302884615384615 0.013221153846153846 0.015625
3 0.4831730769230769 0.3894230769230769 0.010817307692307692 0.015625
3 0.5516826923076923 0.35336538461538464 0.013221153846153846 0.016826923076923076
3 0.5420673076923077 0.32572115384615385 0.014423076923076924 0.018028846153846152
1 0.4206730769230769 0.4074519230769231 0.007211538461538462 0.010817307692307692
1 0.43028846153846156 0.4110576923076923 0.014423076923076924 0.016826923076923076
3 0.2704326923076923 0.5661057692307693 0.01201923076923077 0.015625
3 0.30408653846153844 0.6237980769230769 0.013221153846153846 0.018028846153846152
3 0.3269230769230769 0.5528846153846154 0.018028846153846152 0.019230769230769232
3 0.34975961538461536 0.5588942307692307 0.008413461538461538 0.016826923076923076
3 0.3557692307692308 0.5432692307692307 0.015625 0.018028846153846152
3 0.39783653846153844 0.5288461538461539 0.01201923076923077 0.016826923076923076
3 0.4170673076923077 0.5348557692307693 0.01201923076923077 0.02403846153846154
3 0.4795673076923077 0.5576923076923077 0.013221153846153846 0.016826923076923076
3 0.5324519230769231 0.5456730769230769 0.009615384615384616 0.013221153846153846
3 0.6141826923076923 0.4879807692307692 0.01201923076923077 0.018028846153846152
3 0.6201923076923077 0.49399038461538464 0.007211538461538462 0.009615384615384616
3 0.6033653846153846 0.5420673076923077 0.013221153846153846 0.016826923076923076
3 0.625 0.5456730769230769 0.01201923076923077 0.016826923076923076
3 0.6129807692307693 0.5600961538461539 0.010817307692307692 0.014423076923076924
3 0.6213942307692307 0.5685096153846154 0.010817307692307692 0.018028846153846152
3 0.5432692307692307 0.6153846153846154 0.016826923076923076 0.019230769230769232
3 0.5661057692307693 0.6730769230769231 0.014423076923076924 0.018028846153846152
3 0.5396634615384616 0.6646634615384616 0.015625 0.019230769230769232
3 0.5072115384615384 0.6899038461538461 0.01201923076923077 0.015625
3 0.5060096153846154 0.5793269230769231 0.016826923076923076 0.019230769230769232
3 0.49399038461538464 0.6322115384615384 0.01201923076923077 0.015625
3 0.46153846153846156 0.6382211538461539 0.013221153846153846 0.019230769230769232
3 0.46634615384615385 0.6610576923076923 0.008413461538461538 0.013221153846153846
3 0.46153846153846156 0.6730769230769231 0.013221153846153846 0.016826923076923076
3 0.44471153846153844 0.6730769230769231 0.013221153846153846 0.016826923076923076
3 0.421875 0.7175480769230769 0.01201923076923077 0.021634615384615384
3 0.38461538461538464 0.7175480769230769 0.01201923076923077 0.016826923076923076
3 0.40024038461538464 0.65625 0.015625 0.018028846153846152
3 0.37740384615384615 0.640625 0.015625 0.02283653846153846
3 0.35336538461538464 0.6514423076923077 0.013221153846153846 0.015625
3 0.33774038461538464 0.6057692307692307 0.013221153846153846 0.016826923076923076
3 0.3605769230769231 0.5793269230769231 0.014423076923076924 0.018028846153846152
3 0.38822115384615385 0.5709134615384616 0.013221153846153846 0.016826923076923076
3 0.4110576923076923 0.6177884615384616 0.014423076923076924 0.020432692307692308
3 0.19831730769230768 0.9254807692307693 0.010817307692307692 0.015625