1 0.23076923076923078 0.3137019230769231 0.1502403846153846 0.10096153846153846
0 0.039663461538461536 0.6923076923076923 0.07932692307692307 0.1346153846153846
0 0.9675480769230769 0.3329326923076923 0.06490384615384616 0.13341346153846154
0 0.6177884615384616 0.038461538461538464 0.10336538461538461 0.07692307692307693
0 0.9675480769230769 0.05048076923076923 0.06490384615384616 0.10096153846153846
3 0.3173076923076923 0.12740384615384615 0.09495192307692307 0.0889423076923077
3 0.6574519230769231 0.13221153846153846 0.1310096153846154 0.13221153846153846
3 0.6778846153846154 0.39903846153846156 0.14302884615384615 0.10576923076923077
3 0.6490384615384616 0.46634615384615385 0.06490384615384616 0.055288461538461536
3 0.5564903846153846 0.8870192307692307 0.13701923076923078 0.125
3 0.3112980769230769 0.6382211538461539 0.10336538461538461 0.10216346153846154
3 0.33533653846153844 0.546875 0.1310096153846154 0.11298076923076923
3 0.34615384615384615 0.39302884615384615 0.12139423076923077 0.10096153846153846
3 0.171875 0.3942307692307692 0.19951923076923078 0.10576923076923077
3 0.9182692307692307 0.8293269230769231 0.09014423076923077 0.08774038461538461
3 0.9014423076923077 0.7223557692307693 0.12139423076923077 0.11658653846153846