1 0.7644230769230769 0.9314903846153846 0.11057692307692307 0.10697115384615384
0 0.028846153846153848 0.46153846153846156 0.056490384615384616 0.1466346153846154
0 0.04447115384615385 0.12860576923076922 0.08774038461538461 0.13341346153846154
3 0.14182692307692307 0.057692307692307696 0.10576923076923077 0.11538461538461539
3 0.38221153846153844 0.3449519230769231 0.0889423076923077 0.09014423076923077
3 0.5192307692307693 0.2620192307692308 0.1201923076923077 0.13221153846153846
3 0.5252403846153846 0.15745192307692307 0.09615384615384616 0.09615384615384616
3 0.6262019230769231 0.125 0.09014423076923077 0.09375
3 0.7223557692307693 0.12980769230769232 0.1201923076923077 0.12860576923076922
3 0.5853365384615384 0.44471153846153844 0.12860576923076922 0.15745192307692307
3 0.42427884615384615 0.4375 0.12139423076923077 0.14182692307692307
3 0.6466346153846154 0.7824519230769231 0.0673076923076923 0.05889423076923077
3 0.6490384615384616 0.6959134615384616 0.10096153846153846 0.11057692307692307
3 0.7572115384615384 0.75 0.1141826923076923 0.09375
3 0.9158653846153846 0.7728365384615384 0.12139423076923077 0.11658653846153846
3 0.14543269230769232 0.2439903846153846 0.09375 0.12980769230769232