3 0.6947115384615384 0.234375 0.13822115384615385 0.11899038461538461
3 0.2127403846153846 0.4026442307692308 0.12139423076923077 0.12139423076923077
3 0.18990384615384615 0.515625 0.13221153846153846 0.13341346153846154
3 0.3076923076923077 0.7980769230769231 0.140625 0.11538461538461539
3 0.5600961538461539 0.5456730769230769 0.14423076923076922 0.13822115384615385
3 0.6370192307692307 0.328125 0.11177884615384616 0.09975961538461539
3 0.5480769230769231 0.34134615384615385 0.08533653846153846 0.09014423076923077
3 0.5697115384615384 0.23677884615384615 0.12379807692307693 0.1201923076923077
0 0.7103365384615384 0.026442307692307692 0.11298076923076923 0.052884615384615384
0 0.9795673076923077 0.12980769230769232 0.040865384615384616 0.125
0 0.9110576923076923 0.9879807692307693 0.08413461538461539 0.02403846153846154
0 0.9819711538461539 0.9086538461538461 0.036057692307692304 0.12980769230769232