3 0.09254807692307693 0.09735576923076923 0.11298076923076923 0.11658653846153846
3 0.19831730769230768 0.13341346153846154 0.12259615384615384 0.12139423076923077
3 0.14423076923076922 0.25240384615384615 0.10096153846153846 0.10817307692307693
3 0.296875 0.27163461538461536 0.06850961538461539 0.06850961538461539
3 0.3954326923076923 0.2704326923076923 0.15144230769230768 0.11658653846153846
3 0.2283653846153846 0.33533653846153844 0.1201923076923077 0.1141826923076923
3 0.23317307692307693 0.2247596153846154 0.10336538461538461 0.10096153846153846
3 0.7139423076923077 0.6526442307692307 0.13341346153846154 0.10216346153846154
3 0.9182692307692307 0.7836538461538461 0.12139423076923077 0.10697115384615384
3 0.9435096153846154 0.8810096153846154 0.08413461538461539 0.08173076923076923
3 0.6490384615384616 0.8100961538461539 0.1141826923076923 0.10096153846153846
3 0.5528846153846154 0.8677884615384616 0.09495192307692307 0.09495192307692307
3 0.44471153846153844 0.9375 0.08173076923076923 0.09014423076923077
0 0.22355769230769232 0.9627403846153846 0.12620192307692307 0.0733173076923077
3 0.5216346153846154 0.9471153846153846 0.08653846153846154 0.09014423076923077