3 0.19951923076923078 0.2980769230769231 0.15625 0.12980769230769232
3 0.5120192307692307 0.19831730769230768 0.15625 0.1346153846153846
3 0.7103365384615384 0.22956730769230768 0.13701923076923078 0.11538461538461539
3 0.6911057692307693 0.32091346153846156 0.11177884615384616 0.09134615384615384
3 0.8629807692307693 0.4014423076923077 0.13701923076923078 0.13581730769230768
3 0.7548076923076923 0.5048076923076923 0.10817307692307693 0.12620192307692307
3 0.6394230769230769 0.5108173076923077 0.12860576923076922 0.12259615384615384
3 0.53125 0.46875 0.13341346153846154 0.1201923076923077
3 0.4963942307692308 0.5913461538461539 0.11298076923076923 0.10096153846153846
3 0.3629807692307692 0.6201923076923077 0.15865384615384615 0.12139423076923077
3 0.5444711538461539 0.765625 0.12740384615384615 0.11658653846153846
3 0.6466346153846154 0.7487980769230769 0.09615384615384616 0.08173076923076923
3 0.625 0.84375 0.125 0.11057692307692307
3 0.9338942307692307 0.7151442307692307 0.0829326923076923 0.07211538461538461
3 0.9050480769230769 0.7848557692307693 0.13221153846153846 0.11658653846153846
3 0.7427884615384616 0.8269230769230769 0.11778846153846154 0.1141826923076923
3 0.8521634615384616 0.9555288461538461 0.0985576923076923 0.08533653846153846
3 0.8473557692307693 0.8629807692307693 0.11778846153846154 0.10817307692307693
0 0.2247596153846154 0.9399038461538461 0.12259615384615384 0.1201923076923077
0 0.9783653846153846 0.6346153846153846 0.042067307692307696 0.09134615384615384
0 0.9302884615384616 0.9759615384615384 0.0889423076923077 0.046875
0 0.9675480769230769 0.9278846153846154 0.06490384615384616 0.10576923076923077