1 0.6983173076923077 0.6730769230769231 0.11899038461538461 0.10697115384615384
1 0.6225961538461539 0.6442307692307693 0.05889423076923077 0.06610576923076923
0 0.6598557692307693 0.054086538461538464 0.1201923076923077 0.10817307692307693
0 0.1778846153846154 0.051682692307692304 0.11538461538461539 0.10336538461538461
3 0.9663461538461539 0.5444711538461539 0.0673076923076923 0.10817307692307693
3 0.06610576923076923 0.11778846153846154 0.109375 0.1201923076923077
3 0.05889423076923077 0.43509615384615385 0.10576923076923077 0.10697115384615384
3 0.7944711538461539 0.11899038461538461 0.125 0.11538461538461539
3 0.6346153846153846 0.5576923076923077 0.109375 0.09975961538461539
3 0.5540865384615384 0.7596153846153846 0.07451923076923077 0.06490384615384616
3 0.3918269230769231 0.8221153846153846 0.1310096153846154 0.11538461538461539
3 0.5480769230769231 0.8557692307692307 0.12139423076923077 0.12740384615384615