1 0.21033653846153846 0.19230769230769232 0.09254807692307693 0.08413461538461539
0 0.9447115384615384 0.20432692307692307 0.11057692307692307 0.125
3 0.3449519230769231 0.35096153846153844 0.1045673076923077 0.09615384615384616
3 0.4074519230769231 0.7163461538461539 0.08173076923076923 0.08173076923076923
3 0.4326923076923077 0.625 0.12379807692307693 0.12139423076923077
3 0.6790865384615384 0.5264423076923077 0.125 0.1141826923076923
3 0.9362980769230769 0.6502403846153846 0.12620192307692307 0.12620192307692307
3 0.9627403846153846 0.75 0.0733173076923077 0.0733173076923077
3 0.9314903846153846 0.9098557692307693 0.1201923076923077 0.11298076923076923
3 0.27283653846153844 0.8257211538461539 0.12259615384615384 0.12620192307692307
3 0.19110576923076922 0.7692307692307693 0.12379807692307693 0.10096153846153846